## zips for flagship areas
reno_zips <- c("89501", "89503", "89504", "89505", "89507", "89508", "89509", "89512", "89513", "89515", "89519", "89520", "89533", "89555", "89557", "89570", "89595", "89599")

penn_zips <- c("16801", "16802", "16803", "16804", "16805", "16851")

col_zips <- c("80301", "80302", "80303", "80304", "80305", "80306", "80307", "80308", "80309", "80310", "80314", "80321", "80322", "80323", "80328", "80329")

fl_zips <- c("32601", "32602", "32603", "32604", "32605", "32606", "32607", "32608", "32609", "32610", "32611", "32612", "32613", "32614", "32627", "32635", "32641", "32653")

mi_zips <- c("48103", "48104", "48105", "48106", "48107", "48108", "48109", "48113")

nc_zips <- c("27510", "27514", "27515", "27516", "27599")

oh_zips <- c("43085", "43201", "43202", "43203", "43204", "43205", "43206", "43207", "43209", "43210", "43211", "43212", "43213", "43214", "43215", "43216", "43217", "43218", "43219", "43220", "43221", "43222", "43223", "43224", "43226", "43227", "43228", "43229", "43230", "43231", "43232", "43234", "43235", "43236", "43240", "43251", "43260", "43265", "43266", "43268", "43270", "43271", "43272", "43279", "43287", "43291")

ut_zips <- c("84101", "84102", "84103", "84105", "84110", "84111", "84112", "84113", "84114", "84132", "84133", "84136", "84138", "84139", "84143", "84144", "84145", "84147", "84148", "84150", "84152", "84158", "84180", "84189", "84190")
